0 15 16 15 25 2618 1600 
0 16 49 17 0  2618 1600 
0 3  4  3  8  2618 1600
0 4  34 4  46 2618 1600
1 4  46 4  50 2111 2345
1 4  58 5  2  2111 2345
1 5  5  5  10 2111 2345
2 5  10 5  25 2000 2121
2 5  35 5  38 2000 2121
2 5  40 5  43 2000 2121
3 5  43 5  54 3000 2121
3 6  0  6  2  3000 2121
3 6  4  6  12 3000 2121
4 6  12 6  30 3200 3121
4 6  35 6  43 3200 3121
4 6  46 6  50 3200 3121
5 6  54 7  0  2810 1777
5 7  2  7  5  2810 1777
5 7  10 7  12 2810 1777
6 7  12 7  18 1345 2134
6 7  19 7  22 1345 2134
6 7  25 7  30 1345 2134
